343.0508500000001 -330.254235
353.0508500000001 -330.254235
 
348.0508500000001 -325.254235
348.0508500000001 -335.254235
 
305.33898 -298.72881
310.16949 -289.70339
317.0339 -282.58475
325.29661000000004 -277.5
335.97458000000006 -274.95763
344.87288000000007 -274.44915
353.3898300000001 -274.57626999999997
364.4491500000001 -276.35592999999994
375.0000000000001 -279.53389999999996
383.5169500000001 -286.01694999999995
388.8559300000001 -292.24575999999996
392.9237300000001 -301.77966
393.1779700000001 -360.12712
385.6779700000001 -368.38983
381.35593000000006 -378.17797
378.4322000000001 -384.15254000000004
364.3220300000001 -386.05932000000007
358.7288100000001 -383.2627100000001
346.90678000000014 -383.0084800000001
340.8050900000001 -384.66102000000006
339.0254200000001 -385.80509000000006
333.17797000000013 -381.99153000000007
327.07627000000014 -381.35593000000006
316.0169500000001 -376.14407000000006
309.1525400000001 -369.66102000000006
304.4491500000001 -364.70339000000007
304.4491500000001 -353.8983100000001
305.84746000000007 -341.6949200000001
303.81356000000005 -332.41525000000007
303.1779700000001 -328.0932200000001
304.95763000000005 -322.37288000000007
302.92373000000003 -309.78814000000006
305.33898 -298.72881
 
1.2055734 -1.131018
304.64936 -333.68143
 
252.81426 -0.8626346
353.79592 -273.20516
 
 
279.74576 -534.1525400000002
289.74576 -534.1525400000002
 
284.74576 -529.1525400000002
284.74576 -539.1525400000002
 
211.01695 -502.62712
213.81356 -489.66102
221.94915 -479.23729000000003
232.88136 -471.10170000000005
241.01695 -467.54237000000006
261.35593 -468.30509000000006
317.54237 -469.0678000000001
331.27119 -471.6101700000001
344.49153 -477.7118600000001
353.64407 -488.1355900000001
358.98305 -499.5762700000001
359.74576 -517.3728800000001
359.49153 -588.8135600000002
353.38983 -590.0847500000002
346.01695 -594.9152500000002
335.08475 -598.7288100000003
321.61017 -599.2372900000003
304.83051 -599.7457600000002
279.40678 -600.2542400000002
255.25424000000004 -599.2372900000003
230.33898000000005 -600.7627100000003
222.45763000000005 -599.4915300000004
214.06780000000006 -591.6101700000004
210.76271000000006 -583.2203400000004
210.50847000000005 -564.4067800000004
210.25424000000004 -548.6440700000004
209.74576000000005 -536.6949200000004
211.27119000000005 -520.4237300000003
211.01695 -502.62712
 
-1.3460524e-08 -455.08475
209.49153 -573.55932
 
0.50847454 -227.28814
218.13559 -477.45763
 
 
584.8349200000001 -325.2091950000001
594.8349200000001 -325.2091950000001
 
589.8349200000001 -320.2091950000001
589.8349200000001 -330.2091950000001
 
538.06032 -324.31033
541.29623 -309.02963
547.9478300000001 -293.92871
557.8353400000001 -280.62551
570.9587600000001 -271.81664
587.3181000000001 -268.58073
595.7674300000001 -268.58073
607.6324400000001 -271.63687000000004
617.6997200000001 -277.92892000000006
626.6883700000001 -286.0187000000001
634.4186000000001 -297.3443900000001
639.8117900000001 -309.5689500000001
641.4297500000001 -322.8721500000001
641.4297500000001 -339.05171000000007
641.9690600000001 -353.2537700000001
640.7106500000001 -366.3771900000001
640.1713400000001 -379.1410700000001
640.5308800000001 -381.83766000000014
538.7794100000001 -380.9388000000001
538.2400900000001 -361.3435500000001
537.7007800000001 -348.2201300000001
537.8805500000001 -337.9730700000001
538.06032 -324.31033
 
653.89831 0.50847458
587.28814 -266.44068
 
898.47458 -37.627119
637.11864 -300.0
 
 
617.8178 -529.1313550000001
627.8178 -529.1313550000001
 
622.8178 -524.1313550000001
622.8178 -534.1313550000001
 
588.4322 -502.37288
588.30509 -495.38136000000003
591.4830499999999 -489.66102
597.2033899999999 -484.44915000000003
603.30509 -482.92373000000003
612.58475 -482.28814000000006
624.78814 -482.0339000000001
632.28814 -481.7796600000001
638.13559 -482.7966100000001
646.1440699999999 -484.7033900000001
653.6440699999999 -488.89831000000015
657.45763 -492.58475000000016
657.45763 -576.4830500000002
588.81356 -576.4830500000002
589.19492 -571.0169500000002
588.1779700000001 -564.5339000000001
588.4322 -502.37288
 
900.66229 -234.42387
645.02521 -483.94868
 
900.30274 -460.93774
658.3284 -545.07146
 
 
